# Blender 5.0.1
# www.blender.org
mtllib Untitled.mtl
o Cube.002
v 27.105923 -8.228395 2.675398
v 27.304092 -7.663810 2.675398
v -13.260339 5.940230 2.675400
v -13.062169 6.504814 2.675400
v 27.105923 -8.228395 -6.593647
v 27.304092 -7.663810 -6.593647
v -13.260339 5.940230 -6.593645
v -13.062169 6.504814 -6.593645
vn -0.0000 -0.0000 1.0000
vn -0.9436 0.3312 -0.0000
vn -0.0000 -0.0000 -1.0000
vn 0.9436 -0.3312 -0.0000
vn -0.3312 -0.9436 -0.0000
vn 0.3312 0.9436 -0.0000
vt 0.375000 0.000000
vt 0.625000 0.000000
vt 0.625000 0.250000
vt 0.375000 0.250000
vt 0.625000 0.500000
vt 0.375000 0.500000
vt 0.625000 0.750000
vt 0.375000 0.750000
vt 0.625000 1.000000
vt 0.375000 1.000000
vt 0.125000 0.500000
vt 0.125000 0.750000
vt 0.875000 0.500000
vt 0.875000 0.750000
s 0
f 1/1/1 2/2/1 4/3/1 3/4/1
f 3/4/2 4/3/2 8/5/2 7/6/2
f 7/6/3 8/5/3 6/7/3 5/8/3
f 5/8/4 6/7/4 2/9/4 1/10/4
f 3/11/5 7/6/5 5/8/5 1/12/5
f 8/5/6 4/13/6 2/14/6 6/7/6
o Cube.001
v 27.311871 -7.649740 2.690605
v 27.711548 -6.511061 2.690605
v -15.071384 7.226854 2.690607
v -14.671707 8.365532 2.690607
v 27.311871 -7.649740 1.354552
v 27.711548 -6.511061 1.354552
v -15.071384 7.226854 1.354554
v -14.671707 8.365532 1.354554
vn -0.0000 -0.0000 1.0000
vn -0.9436 0.3312 -0.0000
vn -0.0000 -0.0000 -1.0000
vn 0.9436 -0.3312 -0.0000
vn -0.3312 -0.9436 -0.0000
vn 0.3312 0.9436 -0.0000
vt 0.375000 0.000000
vt 0.625000 0.000000
vt 0.625000 0.250000
vt 0.375000 0.250000
vt 0.625000 0.500000
vt 0.375000 0.500000
vt 0.625000 0.750000
vt 0.375000 0.750000
vt 0.625000 1.000000
vt 0.375000 1.000000
vt 0.125000 0.500000
vt 0.125000 0.750000
vt 0.875000 0.500000
vt 0.875000 0.750000
s 0
f 9/15/7 10/16/7 12/17/7 11/18/7
f 11/18/8 12/17/8 16/19/8 15/20/8
f 15/20/9 16/19/9 14/21/9 13/22/9
f 13/22/10 14/21/10 10/23/10 9/24/10
f 11/25/11 15/20/11 13/22/11 9/26/11
f 16/19/12 12/27/12 10/28/12 14/21/12
o Cube.003
v 27.311871 -7.649740 -5.265933
v 27.711548 -6.511061 -5.265933
v -15.071384 7.226854 -5.265931
v -14.671707 8.365532 -5.265931
v 27.311871 -7.649740 -6.601986
v 27.711548 -6.511061 -6.601986
v -15.071384 7.226854 -6.601985
v -14.671707 8.365532 -6.601985
vn -0.0000 -0.0000 1.0000
vn -0.9436 0.3312 -0.0000
vn -0.0000 -0.0000 -1.0000
vn 0.9436 -0.3312 -0.0000
vn -0.3312 -0.9436 -0.0000
vn 0.3312 0.9436 -0.0000
vt 0.375000 0.000000
vt 0.625000 0.000000
vt 0.625000 0.250000
vt 0.375000 0.250000
vt 0.625000 0.500000
vt 0.375000 0.500000
vt 0.625000 0.750000
vt 0.375000 0.750000
vt 0.625000 1.000000
vt 0.375000 1.000000
vt 0.125000 0.500000
vt 0.125000 0.750000
vt 0.875000 0.500000
vt 0.875000 0.750000
s 0
f 17/29/13 18/30/13 20/31/13 19/32/13
f 19/32/14 20/31/14 24/33/14 23/34/14
f 23/34/15 24/33/15 22/35/15 21/36/15
f 21/36/16 22/35/16 18/37/16 17/38/16
f 19/39/17 23/34/17 21/36/17 17/40/17
f 24/33/18 20/41/18 18/42/18 22/35/18
o Cube.004
v -15.303403 6.693024 2.675399
v -14.710159 8.383170 2.675399
v -13.247181 5.971287 2.675399
v -12.653936 7.661433 2.675399
v -15.303404 6.693024 -6.593646
v -14.710159 8.383170 -6.593646
v -13.247181 5.971287 -6.593646
v -12.653937 7.661433 -6.593646
vn -0.0000 -0.0000 1.0000
vn 0.9436 -0.3312 -0.0000
vn -0.0000 -0.0000 -1.0000
vn -0.9436 0.3312 -0.0000
vn -0.3312 -0.9436 -0.0000
vn 0.3312 0.9436 -0.0000
vt 0.375000 0.000000
vt 0.625000 0.000000
vt 0.625000 0.250000
vt 0.375000 0.250000
vt 0.625000 0.500000
vt 0.375000 0.500000
vt 0.625000 0.750000
vt 0.375000 0.750000
vt 0.625000 1.000000
vt 0.375000 1.000000
vt 0.125000 0.500000
vt 0.125000 0.750000
vt 0.875000 0.500000
vt 0.875000 0.750000
s 0
f 25/43/19 27/46/19 28/45/19 26/44/19
f 27/46/20 31/48/20 32/47/20 28/45/20
f 31/48/21 29/50/21 30/49/21 32/47/21
f 29/50/22 25/52/22 26/51/22 30/49/22
f 27/53/23 25/54/23 29/50/23 31/48/23
f 32/47/24 30/49/24 26/56/24 28/55/24
